{
  "tipo": "double",
  "dimension": 10,
  "matriz": [
    [0.00, 24.45, -1.00, -1.00, -1.00, 38.35, -1.00, -1.00, -1.00, 22.16],
    [24.45, 0.00, -1.00, -1.00, 85.23, 90.45, 9.30, 61.09, 30.25, -1.00],
    [-1.00, -1.00, 0.00, 47.93, -1.00, -1.00, 19.13, -1.00, -1.00, -1.00],
    [-1.00, -1.00, 47.93, 0.00, 30.87, -1.00, -1.00, -1.00, -1.00, -1.00],
    [-1.00, 85.23, -1.00, 30.87, 0.00, -1.00, -1.00, -1.00, -1.00, 24.57],
    [38.35, 90.45, -1.00, -1.00, -1.00, 0.00, 74.85, -1.00, 93.25, 86.04],
    [-1.00, 9.30, 19.13, -1.00, -1.00, 74.85, 0.00, -1.00, -1.00, -1.00],
    [-1.00, 61.09, -1.00, -1.00, -1.00, -1.00, -1.00, 0.00, 77.88, 83.83],
    [-1.00, 30.25, -1.00, -1.00, -1.00, 93.25, -1.00, 77.88, 0.00, -1.00],
    [22.16, -1.00, -1.00, -1.00, 24.57, 86.04, -1.00, 83.83, -1.00, 0.00]
  ]
}
